2 0.4110576923076923 0.22956730769230768 0.21153846153846154 0.21394230769230768
2 0.8137019230769231 0.1935096153846154 0.27163461538461536 0.27163461538461536
2 0.5480769230769231 0.32211538461538464 0.2403846153846154 0.2403846153846154
2 0.3245192307692308 0.46033653846153844 0.2403846153846154 0.24278846153846154
2 0.1622596153846154 0.34134615384615385 0.3004807692307692 0.30288461538461536
2 0.31850961538461536 0.7620192307692307 0.3004807692307692 0.30288461538461536
2 0.5733173076923077 0.6045673076923077 0.27163461538461536 0.27163461538461536
2 0.7932692307692307 0.47115384615384615 0.2403846153846154 0.2403846153846154
2 0.8028846153846154 0.7367788461538461 0.2692307692307692 0.27163461538461536
2 0.5528846153846154 0.8449519230769231 0.2692307692307692 0.27163461538461536
