2 0.33653846153846156 0.671875 0.2692307692307692 0.27163461538461536
2 0.32211538461538464 0.41466346153846156 0.2692307692307692 0.27163461538461536
2 0.3425480769230769 0.15985576923076922 0.27163461538461536 0.27163461538461536
2 0.13942307692307693 0.28725961538461536 0.2692307692307692 0.27163461538461536
2 0.8413461538461539 0.1502403846153846 0.2692307692307692 0.27163461538461536
2 0.5612980769230769 0.27283653846153844 0.27163461538461536 0.27163461538461536
2 0.5769230769230769 0.5588942307692307 0.2692307692307692 0.27163461538461536
2 0.8257211538461539 0.41586538461538464 0.27163461538461536 0.27403846153846156
2 0.6021634615384616 0.8257211538461539 0.27163461538461536 0.27163461538461536
2 0.8185096153846154 0.6983173076923077 0.27163461538461536 0.27163461538461536
