2 0.18389423076923078 0.3112980769230769 0.27163461538461536 0.27163461538461536
2 0.4735576923076923 0.17908653846153846 0.2403846153846154 0.24278846153846154
2 0.671875 0.32211538461538464 0.27163461538461536 0.27403846153846156
2 0.4735576923076923 0.42427884615384615 0.2403846153846154 0.24278846153846154
2 0.20432692307692307 0.5372596153846154 0.2692307692307692 0.27163461538461536
2 0.18870192307692307 0.828125 0.27163461538461536 0.27163461538461536
2 0.421875 0.7319711538461539 0.27163461538461536 0.27163461538461536
2 0.6622596153846154 0.5889423076923077 0.27163461538461536 0.27403846153846156
2 0.6310096153846154 0.8545673076923077 0.27163461538461536 0.27163461538461536
2 0.875 0.7223557692307693 0.2403846153846154 0.24278846153846154
