2 0.18269230769230768 0.3137019230769231 0.2692307692307692 0.27163461538461536
2 0.39663461538461536 0.16466346153846154 0.2692307692307692 0.27163461538461536
2 0.1814903846153846 0.5745192307692307 0.27163461538461536 0.27403846153846156
2 0.375 0.4675480769230769 0.2692307692307692 0.27163461538461536
5 0.6298076923076923 0.31850961538461536 0.2403846153846154 0.24278846153846154
2 0.8533653846153846 0.453125 0.2403846153846154 0.24278846153846154
2 0.6490384615384616 0.5649038461538461 0.2403846153846154 0.2403846153846154
2 0.41586538461538464 0.6875 0.2692307692307692 0.27403846153846156
2 0.15625 0.8305288461538461 0.2692307692307692 0.27163461538461536
2 0.6358173076923077 0.8173076923076923 0.27163461538461536 0.27403846153846156
