2 0.40384615384615385 0.7632211538461539 0.2403846153846154 0.24278846153846154
2 0.3737980769230769 0.47716346153846156 0.27163461538461536 0.27163461538461536
2 0.15384615384615385 0.6045673076923077 0.2692307692307692 0.27163461538461536
2 0.3737980769230769 0.17427884615384615 0.27163461538461536 0.27163461538461536
2 0.6021634615384616 0.12259615384615384 0.2091346153846154 0.21153846153846154
2 0.6274038461538461 0.328125 0.2692307692307692 0.27163461538461536
2 0.8521634615384616 0.23197115384615385 0.27163461538461536 0.27163461538461536
2 0.8569711538461539 0.48197115384615385 0.27163461538461536 0.27163461538461536
2 0.5961538461538461 0.6153846153846154 0.2403846153846154 0.2403846153846154
2 0.8257211538461539 0.7331730769230769 0.27163461538461536 0.27403846153846156
