4 0.09975961538461539 0.6766826923076923 0.18028846153846154 0.18028846153846154
2 0.3449519230769231 0.8149038461538461 0.2091346153846154 0.21153846153846154
2 0.5745192307692307 0.6923076923076923 0.2403846153846154 0.2403846153846154
2 0.7788461538461539 0.5288461538461539 0.2403846153846154 0.2403846153846154
2 0.8185096153846154 0.8161057692307693 0.27163461538461536 0.27163461538461536
2 0.3389423076923077 0.5360576923076923 0.2403846153846154 0.2403846153846154
2 0.5877403846153846 0.42788461538461536 0.2091346153846154 0.21153846153846154
2 0.7860576923076923 0.2692307692307692 0.21153846153846154 0.21153846153846154
2 0.33413461538461536 0.27524038461538464 0.2403846153846154 0.24278846153846154
2 0.1201923076923077 0.4338942307692308 0.2403846153846154 0.24278846153846154
