2 0.13942307692307693 0.3737980769230769 0.2692307692307692 0.27163461538461536
2 0.3942307692307692 0.2403846153846154 0.2403846153846154 0.2403846153846154
2 0.5985576923076923 0.18389423076923078 0.2692307692307692 0.27163461538461536
2 0.8269230769230769 0.23076923076923078 0.2692307692307692 0.27403846153846156
2 0.6081730769230769 0.3629807692307692 0.21153846153846154 0.21153846153846154
2 0.36899038461538464 0.5180288461538461 0.27163461538461536 0.27163461538461536
2 0.1346153846153846 0.6550480769230769 0.2692307692307692 0.27163461538461536
2 0.38822115384615385 0.7992788461538461 0.27163461538461536 0.27163461538461536
2 0.6334134615384616 0.6298076923076923 0.2091346153846154 0.21153846153846154
2 0.8473557692307693 0.5132211538461539 0.27163461538461536 0.27163461538461536
2 0.8365384615384616 0.7800480769230769 0.2692307692307692 0.27163461538461536
