2 0.17548076923076922 0.14903846153846154 0.2692307692307692 0.27403846153846156
2 0.19110576923076922 0.41466346153846156 0.27163461538461536 0.27163461538461536
2 0.41466346153846156 0.2824519230769231 0.27163461538461536 0.27163461538461536
2 0.6334134615384616 0.16466346153846154 0.27163461538461536 0.27163461538461536
2 0.6382211538461539 0.4362980769230769 0.27163461538461536 0.27163461538461536
2 0.40384615384615385 0.5588942307692307 0.2692307692307692 0.27163461538461536
2 0.18990384615384615 0.6814903846153846 0.2403846153846154 0.24278846153846154
2 0.40865384615384615 0.8305288461538461 0.2403846153846154 0.24278846153846154
2 0.6225961538461539 0.7235576923076923 0.2692307692307692 0.27403846153846156
2 0.8629807692307693 0.2980769230769231 0.2692307692307692 0.27403846153846156
