2 0.15384615384615385 0.30408653846153844 0.2403846153846154 0.24278846153846154
2 0.16346153846153846 0.5600961538461539 0.2403846153846154 0.2403846153846154
2 0.16346153846153846 0.8413461538461539 0.2403846153846154 0.2403846153846154
2 0.8389423076923077 0.7247596153846154 0.2403846153846154 0.24278846153846154
2 0.6201923076923077 0.8521634615384616 0.2403846153846154 0.24278846153846154
2 0.3870192307692308 0.6935096153846154 0.2403846153846154 0.24278846153846154
2 0.6201923076923077 0.5805288461538461 0.2403846153846154 0.24278846153846154
2 0.8509615384615384 0.4423076923076923 0.2403846153846154 0.2403846153846154
2 0.6370192307692307 0.27884615384615385 0.2403846153846154 0.2403846153846154
2 0.4182692307692308 0.4014423076923077 0.2403846153846154 0.2403846153846154
2 0.37740384615384615 0.15985576923076922 0.2692307692307692 0.27163461538461536
