2 0.359375 0.8377403846153846 0.27163461538461536 0.27163461538461536
2 0.3858173076923077 0.5348557692307693 0.2091346153846154 0.21394230769230768
2 0.39663461538461536 0.28966346153846156 0.2692307692307692 0.27163461538461536
2 0.15625 0.4014423076923077 0.2692307692307692 0.27403846153846156
2 0.1466346153846154 0.1502403846153846 0.2692307692307692 0.27163461538461536
2 0.6105769230769231 0.15625 0.2403846153846154 0.2403846153846154
2 0.8653846153846154 0.29447115384615385 0.2403846153846154 0.24278846153846154
2 0.5997596153846154 0.4266826923076923 0.27163461538461536 0.27163461538461536
2 0.5985576923076923 0.6790865384615384 0.2403846153846154 0.24278846153846154
2 0.8329326923076923 0.5709134615384616 0.27163461538461536 0.27163461538461536
2 0.8581730769230769 0.8365384615384616 0.21153846153846154 0.21153846153846154
