2 0.7860576923076923 0.7692307692307693 0.2692307692307692 0.27403846153846156
2 0.3798076923076923 0.7487980769230769 0.2692307692307692 0.27163461538461536
2 0.59375 0.6201923076923077 0.2692307692307692 0.27403846153846156
2 0.8064903846153846 0.5276442307692307 0.27163461538461536 0.27163461538461536
2 0.8329326923076923 0.2512019230769231 0.27163461538461536 0.27163461538461536
2 0.6129807692307693 0.3485576923076923 0.2403846153846154 0.2403846153846154
2 0.3894230769230769 0.49158653846153844 0.2692307692307692 0.27163461538461536
2 0.13942307692307693 0.5997596153846154 0.2403846153846154 0.24278846153846154
2 0.15625 0.328125 0.2692307692307692 0.27163461538461536
2 0.4050480769230769 0.20552884615384615 0.27163461538461536 0.27163461538461536
