2 0.1778846153846154 0.265625 0.2403846153846154 0.24278846153846154
2 0.16105769230769232 0.5685096153846154 0.2692307692307692 0.27163461538461536
2 0.15625 0.8389423076923077 0.2692307692307692 0.27403846153846156
2 0.6502403846153846 0.8353365384615384 0.27163461538461536 0.27163461538461536
2 0.875 0.6911057692307693 0.2403846153846154 0.24278846153846154
2 0.6346153846153846 0.5576923076923077 0.2692307692307692 0.27403846153846156
2 0.3798076923076923 0.7007211538461539 0.2692307692307692 0.27163461538461536
2 0.4206730769230769 0.4098557692307692 0.2692307692307692 0.27163461538461536
2 0.6610576923076923 0.296875 0.2692307692307692 0.27163461538461536
2 0.3858173076923077 0.14302884615384615 0.27163461538461536 0.27163461538461536
