4 0.15264423076923078 0.7103365384615384 0.18028846153846154 0.18028846153846154
4 0.4182692307692308 0.36778846153846156 0.21153846153846154 0.21153846153846154
2 0.8149038461538461 0.8497596153846154 0.2692307692307692 0.27163461538461536
2 0.8052884615384616 0.609375 0.2692307692307692 0.27163461538461536
2 0.6117788461538461 0.7463942307692307 0.27163461538461536 0.27163461538461536
2 0.34134615384615385 0.5829326923076923 0.2403846153846154 0.24278846153846154
2 0.6021634615384616 0.44471153846153844 0.27163461538461536 0.27403846153846156
3 0.8161057692307693 0.3473557692307692 0.27163461538461536 0.27163461538461536
2 0.15384615384615385 0.46033653846153844 0.2692307692307692 0.27163461538461536
2 0.15384615384615385 0.19831730769230768 0.2692307692307692 0.27163461538461536
