2 0.3870192307692308 0.7560096153846154 0.2692307692307692 0.27163461538461536
2 0.17307692307692307 0.6069711538461539 0.2692307692307692 0.27163461538461536
2 0.4026442307692308 0.45913461538461536 0.27163461538461536 0.27403846153846156
2 0.39783653846153844 0.19230769230769232 0.27163461538461536 0.27403846153846156
2 0.16826923076923078 0.31490384615384615 0.2692307692307692 0.27403846153846156
2 0.8605769230769231 0.21875 0.2403846153846154 0.2403846153846154
2 0.6262019230769231 0.34134615384615385 0.2091346153846154 0.21153846153846154
2 0.6201923076923077 0.6237980769230769 0.2403846153846154 0.24278846153846154
2 0.8653846153846154 0.47475961538461536 0.2403846153846154 0.24278846153846154
2 0.8293269230769231 0.7259615384615384 0.2403846153846154 0.2403846153846154
2 0.6009615384615384 0.8786057692307693 0.2403846153846154 0.24278846153846154
