2 0.8257211538461539 0.28966346153846156 0.27163461538461536 0.27163461538461536
2 0.6165865384615384 0.4230769230769231 0.27163461538461536 0.27403846153846156
2 0.37740384615384615 0.5709134615384616 0.2692307692307692 0.27163461538461536
2 0.16346153846153846 0.6634615384615384 0.2692307692307692 0.27403846153846156
2 0.15865384615384615 0.4074519230769231 0.2692307692307692 0.27163461538461536
2 0.35697115384615385 0.29447115384615385 0.27163461538461536 0.27163461538461536
2 0.6069711538461539 0.1622596153846154 0.27163461538461536 0.27163461538461536
2 0.36658653846153844 0.8473557692307693 0.27163461538461536 0.27163461538461536
2 0.5961538461538461 0.7307692307692307 0.2692307692307692 0.27403846153846156
2 0.8100961538461539 0.5612980769230769 0.2692307692307692 0.27163461538461536
2 0.8449519230769231 0.8173076923076923 0.2091346153846154 0.21153846153846154
