2 0.27403846153846156 0.234375 0.2692307692307692 0.27163461538461536
2 0.6826923076923077 0.265625 0.2403846153846154 0.24278846153846154
2 0.4519230769230769 0.38341346153846156 0.2403846153846154 0.24278846153846154
2 0.22355769230769232 0.5564903846153846 0.2692307692307692 0.27163461538461536
2 0.2127403846153846 0.7716346153846154 0.27163461538461536 0.27403846153846156
2 0.4567307692307692 0.6442307692307693 0.2403846153846154 0.2403846153846154
2 0.6454326923076923 0.5264423076923077 0.27163461538461536 0.27403846153846156
2 0.875 0.38341346153846156 0.2403846153846154 0.24278846153846154
2 0.8545673076923077 0.6502403846153846 0.27163461538461536 0.27163461538461536
2 0.6346153846153846 0.7728365384615384 0.2692307692307692 0.27163461538461536
