2 0.8641826923076923 0.6730769230769231 0.27163461538461536 0.27403846153846156
2 0.6394230769230769 0.7908653846153846 0.2403846153846154 0.2403846153846154
2 0.16706730769230768 0.7584134615384616 0.27163461538461536 0.27163461538461536
2 0.4110576923076923 0.6766826923076923 0.2692307692307692 0.27163461538461536
2 0.65625 0.5240384615384616 0.2403846153846154 0.2403846153846154
2 0.859375 0.41225961538461536 0.27163461538461536 0.27163461538461536
2 0.6298076923076923 0.27283653846153844 0.2692307692307692 0.27163461538461536
2 0.390625 0.390625 0.3004807692307692 0.3004807692307692
2 0.17668269230769232 0.5036057692307693 0.27163461538461536 0.27163461538461536
2 0.203125 0.21033653846153846 0.27163461538461536 0.27163461538461536
