2 0.5480769230769231 0.8293269230769231 0.2692307692307692 0.27403846153846156
2 0.8028846153846154 0.7007211538461539 0.2692307692307692 0.27163461538461536
2 0.8233173076923077 0.43990384615384615 0.27163461538461536 0.27403846153846156
2 0.5841346153846154 0.5733173076923077 0.2692307692307692 0.27163461538461536
2 0.31971153846153844 0.7007211538461539 0.2403846153846154 0.24278846153846154
4 0.09495192307692307 0.5829326923076923 0.15144230769230768 0.15144230769230768
2 0.3401442307692308 0.4338942307692308 0.27163461538461536 0.27163461538461536
2 0.5889423076923077 0.3161057692307692 0.2692307692307692 0.27163461538461536
2 0.7776442307692307 0.19951923076923078 0.27163461538461536 0.27403846153846156
2 0.31490384615384615 0.15745192307692307 0.2403846153846154 0.24278846153846154
