2 0.640625 0.8233173076923077 0.27163461538461536 0.27163461538461536
2 0.875 0.4026442307692308 0.2403846153846154 0.24278846153846154
2 0.6298076923076923 0.5661057692307693 0.2692307692307692 0.27163461538461536
2 0.4266826923076923 0.7043269230769231 0.27163461538461536 0.27403846153846156
2 0.171875 0.8473557692307693 0.27163461538461536 0.27163461538461536
2 0.16706730769230768 0.5709134615384616 0.27163461538461536 0.27163461538461536
2 0.4014423076923077 0.44350961538461536 0.2692307692307692 0.27163461538461536
2 0.6454326923076923 0.27403846153846156 0.27163461538461536 0.27403846153846156
2 0.40625 0.1971153846153846 0.2403846153846154 0.2403846153846154
2 0.1622596153846154 0.27283653846153844 0.27163461538461536 0.27163461538461536
