2 0.12740384615384615 0.3713942307692308 0.2403846153846154 0.24278846153846154
2 0.3245192307692308 0.24278846153846154 0.2692307692307692 0.27403846153846156
2 0.5492788461538461 0.3713942307692308 0.3004807692307692 0.3004807692307692
2 0.33533653846153844 0.5144230769230769 0.27163461538461536 0.27403846153846156
2 0.13221153846153846 0.6574519230769231 0.2403846153846154 0.24278846153846154
2 0.33413461538461536 0.7800480769230769 0.2692307692307692 0.27163461538461536
2 0.5372596153846154 0.6586538461538461 0.3004807692307692 0.30288461538461536
2 0.8233173076923077 0.8016826923076923 0.27163461538461536 0.27163461538461536
2 0.8185096153846154 0.5408653846153846 0.3004807692307692 0.30288461538461536
5 0.8245192307692307 0.23798076923076922 0.2403846153846154 0.2403846153846154
