2 0.17427884615384615 0.18028846153846154 0.3004807692307692 0.30288461538461536
2 0.6237980769230769 0.2403846153846154 0.3004807692307692 0.30288461538461536
2 0.38822115384615385 0.3786057692307692 0.27163461538461536 0.27163461538461536
2 0.14423076923076922 0.7584134615384616 0.2403846153846154 0.24278846153846154
2 0.36778846153846156 0.65625 0.2403846153846154 0.2403846153846154
2 0.5925480769230769 0.5432692307692307 0.3004807692307692 0.30288461538461536
2 0.5865384615384616 0.8149038461538461 0.2692307692307692 0.27403846153846156
2 0.8161057692307693 0.6766826923076923 0.27163461538461536 0.27163461538461536
2 0.8317307692307693 0.41586538461538464 0.2692307692307692 0.27403846153846156
2 0.8413461538461539 0.14423076923076922 0.2692307692307692 0.27403846153846156
