2 0.14182692307692307 0.21033653846153846 0.2692307692307692 0.27163461538461536
2 0.36538461538461536 0.33774038461538464 0.2692307692307692 0.27163461538461536
2 0.140625 0.44591346153846156 0.27163461538461536 0.27163461538461536
2 0.3449519230769231 0.5889423076923077 0.27163461538461536 0.27403846153846156
2 0.3605769230769231 0.8497596153846154 0.2403846153846154 0.24278846153846154
2 0.609375 0.18990384615384615 0.27163461538461536 0.27403846153846156
2 0.5733173076923077 0.48197115384615385 0.27163461538461536 0.27163461538461536
2 0.8389423076923077 0.3641826923076923 0.2403846153846154 0.24278846153846154
2 0.8221153846153846 0.6201923076923077 0.2403846153846154 0.2403846153846154
2 0.59375 0.7536057692307693 0.2692307692307692 0.27163461538461536
