2 0.39663461538461536 0.8233173076923077 0.2692307692307692 0.27163461538461536
5 0.37259615384615385 0.546875 0.2692307692307692 0.27163461538461536
2 0.15865384615384615 0.7271634615384616 0.2692307692307692 0.27163461538461536
2 0.14783653846153846 0.4338942307692308 0.27163461538461536 0.27163461538461536
2 0.3870192307692308 0.30649038461538464 0.2692307692307692 0.27163461538461536
2 0.15865384615384615 0.14302884615384615 0.2692307692307692 0.27163461538461536
2 0.6009615384615384 0.17427884615384615 0.2692307692307692 0.27163461538461536
2 0.6117788461538461 0.44591346153846156 0.27163461538461536 0.27163461538461536
2 0.8461538461538461 0.2608173076923077 0.2692307692307692 0.27163461538461536
2 0.8353365384615384 0.5733173076923077 0.27163461538461536 0.27163461538461536
5 0.6262019230769231 0.6766826923076923 0.27163461538461536 0.27163461538461536
2 0.8088942307692307 0.8545673076923077 0.27163461538461536 0.27163461538461536
