2 0.5673076923076923 0.7235576923076923 0.21153846153846154 0.21153846153846154
2 0.5576923076923077 0.1814903846153846 0.2692307692307692 0.27163461538461536
2 0.33413461538461536 0.28846153846153844 0.2403846153846154 0.2403846153846154
2 0.12980769230769232 0.6826923076923077 0.21153846153846154 0.21153846153846154
2 0.3329326923076923 0.5600961538461539 0.27163461538461536 0.27403846153846156
2 0.5817307692307693 0.4326923076923077 0.2403846153846154 0.2403846153846154
2 0.8112980769230769 0.3088942307692308 0.27163461538461536 0.27163461538461536
2 0.8161057692307693 0.5612980769230769 0.27163461538461536 0.27163461538461536
2 0.3173076923076923 0.8317307692307693 0.2692307692307692 0.27403846153846156
2 0.8052884615384616 0.8425480769230769 0.2403846153846154 0.24278846153846154
