2 0.7992788461538461 0.796875 0.27163461538461536 0.27163461538461536
2 0.8353365384615384 0.5060096153846154 0.27163461538461536 0.27163461538461536
2 0.5865384615384616 0.6538461538461539 0.2692307692307692 0.27403846153846156
2 0.37740384615384615 0.7872596153846154 0.2692307692307692 0.27163461538461536
2 0.18389423076923078 0.6286057692307693 0.27163461538461536 0.27163461538461536
2 0.38221153846153844 0.5252403846153846 0.2692307692307692 0.27163461538461536
2 0.6069711538461539 0.4026442307692308 0.27163461538461536 0.27163461538461536
2 0.8461538461538461 0.234375 0.2692307692307692 0.27163461538461536
2 0.38822115384615385 0.24879807692307693 0.27163461538461536 0.27163461538461536
2 0.14423076923076922 0.3762019230769231 0.2692307692307692 0.27163461538461536
