2 0.21754807692307693 0.8449519230769231 0.27163461538461536 0.27163461538461536
2 0.19831730769230768 0.578125 0.3004807692307692 0.3004807692307692
2 0.20793269230769232 0.2704326923076923 0.3004807692307692 0.3004807692307692
2 0.4567307692307692 0.16826923076923078 0.2403846153846154 0.2403846153846154
2 0.6610576923076923 0.32211538461538464 0.2692307692307692 0.27403846153846156
2 0.43149038461538464 0.43509615384615385 0.27163461538461536 0.27403846153846156
2 0.43149038461538464 0.7055288461538461 0.27163461538461536 0.27163461538461536
2 0.65625 0.59375 0.2692307692307692 0.27403846153846156
2 0.8798076923076923 0.45552884615384615 0.2403846153846154 0.24278846153846154
2 0.6658653846153846 0.8605769230769231 0.2692307692307692 0.27403846153846156
