2 0.17668269230769232 0.3004807692307692 0.3004807692307692 0.30288461538461536
2 0.4423076923076923 0.1971153846153846 0.2403846153846154 0.2403846153846154
2 0.84375 0.1935096153846154 0.2692307692307692 0.27163461538461536
2 0.6346153846153846 0.3401442307692308 0.2692307692307692 0.27163461538461536
2 0.4411057692307692 0.4639423076923077 0.27163461538461536 0.27403846153846156
2 0.19110576923076922 0.5661057692307693 0.3004807692307692 0.3004807692307692
2 0.1658653846153846 0.8425480769230769 0.2692307692307692 0.27163461538461536
2 0.40024038461538464 0.7247596153846154 0.27163461538461536 0.27163461538461536
2 0.5829326923076923 0.6177884615384616 0.27163461538461536 0.27403846153846156
2 0.8425480769230769 0.4699519230769231 0.27163461538461536 0.27163461538461536
2 0.8269230769230769 0.7415865384615384 0.2692307692307692 0.27163461538461536
2 0.6033653846153846 0.8377403846153846 0.2692307692307692 0.27163461538461536
