2 0.8052884615384616 0.7115384615384616 0.2403846153846154 0.2403846153846154
2 0.8365384615384616 0.44471153846153844 0.2403846153846154 0.2403846153846154
2 0.6021634615384616 0.5625 0.27163461538461536 0.27403846153846156
2 0.35336538461538464 0.7211538461538461 0.2692307692307692 0.27403846153846156
2 0.15985576923076922 0.546875 0.27163461538461536 0.27163461538461536
2 0.36899038461538464 0.46033653846153844 0.27163461538461536 0.27163461538461536
2 0.6177884615384616 0.3269230769230769 0.2692307692307692 0.27403846153846156
2 0.8581730769230769 0.17427884615384615 0.2692307692307692 0.27163461538461536
2 0.36899038461538464 0.18870192307692307 0.27163461538461536 0.27163461538461536
2 0.15504807692307693 0.3016826923076923 0.27163461538461536 0.27163461538461536
