2 0.14543269230769232 0.22716346153846154 0.27163461538461536 0.27163461538461536
2 0.5985576923076923 0.22235576923076922 0.2692307692307692 0.27163461538461536
2 0.3894230769230769 0.3858173076923077 0.2692307692307692 0.27163461538461536
2 0.15625 0.4879807692307692 0.2692307692307692 0.27403846153846156
2 0.15985576923076922 0.7944711538461539 0.27163461538461536 0.27163461538461536
2 0.359375 0.6418269230769231 0.3004807692307692 0.30288461538461536
2 0.6081730769230769 0.4723557692307692 0.2692307692307692 0.27163461538461536
2 0.8125 0.3545673076923077 0.2692307692307692 0.27163461538461536
2 0.7920673076923077 0.6262019230769231 0.27163461538461536 0.27163461538461536
2 0.5985576923076923 0.7487980769230769 0.2692307692307692 0.27163461538461536
