2 0.171875 0.20552884615384615 0.27163461538461536 0.27163461538461536
2 0.15625 0.47716346153846156 0.2692307692307692 0.27163461538461536
2 0.38100961538461536 0.33413461538461536 0.27163461538461536 0.27403846153846156
2 0.640625 0.22235576923076922 0.27163461538461536 0.27163461538461536
2 0.8485576923076923 0.34975961538461536 0.2692307692307692 0.27163461538461536
2 0.6346153846153846 0.5084134615384616 0.2403846153846154 0.24278846153846154
2 0.40625 0.6418269230769231 0.21153846153846154 0.21153846153846154
2 0.1466346153846154 0.7632211538461539 0.2692307692307692 0.27163461538461536
2 0.6298076923076923 0.7596153846153846 0.2692307692307692 0.27403846153846156
2 0.8641826923076923 0.6310096153846154 0.27163461538461536 0.27163461538461536
