2 0.12980769230769232 0.265625 0.2403846153846154 0.24278846153846154
2 0.5264423076923077 0.234375 0.2403846153846154 0.24278846153846154
2 0.34375 0.3473557692307692 0.2403846153846154 0.24278846153846154
2 0.1201923076923077 0.4855769230769231 0.2403846153846154 0.2403846153846154
2 0.125 0.7463942307692307 0.2403846153846154 0.24278846153846154
2 0.3125 0.6334134615384616 0.2403846153846154 0.24278846153846154
2 0.5264423076923077 0.47596153846153844 0.2403846153846154 0.2403846153846154
2 0.7560096153846154 0.36899038461538464 0.27163461538461536 0.27163461538461536
2 0.7451923076923077 0.6346153846153846 0.2692307692307692 0.27403846153846156
2 0.5216346153846154 0.7680288461538461 0.2403846153846154 0.24278846153846154
