2 0.40024038461538464 0.15384615384615385 0.27163461538461536 0.27403846153846156
2 0.17067307692307693 0.28725961538461536 0.2692307692307692 0.27163461538461536
2 0.1346153846153846 0.5733173076923077 0.2692307692307692 0.27163461538461536
2 0.37259615384615385 0.43990384615384615 0.21153846153846154 0.21153846153846154
2 0.6081730769230769 0.2824519230769231 0.2692307692307692 0.27163461538461536
2 0.8377403846153846 0.14903846153846154 0.27163461538461536 0.27403846153846156
2 0.8581730769230769 0.4411057692307692 0.2692307692307692 0.27163461538461536
2 0.6286057692307693 0.5588942307692307 0.27163461538461536 0.27163461538461536
2 0.40384615384615385 0.7067307692307693 0.2403846153846154 0.2403846153846154
2 0.15504807692307693 0.8449519230769231 0.27163461538461536 0.27163461538461536
2 0.8377403846153846 0.7079326923076923 0.27163461538461536 0.27163461538461536
