2 0.4254807692307692 0.15985576923076922 0.2692307692307692 0.27163461538461536
2 0.8425480769230769 0.20072115384615385 0.27163461538461536 0.27163461538461536
2 0.6129807692307693 0.29927884615384615 0.2403846153846154 0.24278846153846154
2 0.3737980769230769 0.44711538461538464 0.27163461538461536 0.27403846153846156
2 0.13942307692307693 0.5745192307692307 0.2692307692307692 0.27403846153846156
2 0.3473557692307692 0.7139423076923077 0.3004807692307692 0.30288461538461536
2 0.6334134615384616 0.6009615384615384 0.27163461538461536 0.27403846153846156
2 0.8173076923076923 0.5036057692307693 0.2403846153846154 0.24278846153846154
2 0.8221153846153846 0.7391826923076923 0.2692307692307692 0.27163461538461536
2 0.6225961538461539 0.8870192307692307 0.21153846153846154 0.21153846153846154
