2 0.15865384615384615 0.12860576923076922 0.2403846153846154 0.24278846153846154
2 0.84375 0.8052884615384616 0.2403846153846154 0.2403846153846154
2 0.4110576923076923 0.7848557692307693 0.2692307692307692 0.27163461538461536
2 0.6153846153846154 0.6670673076923077 0.2692307692307692 0.27163461538461536
2 0.8341346153846154 0.5336538461538461 0.2403846153846154 0.2403846153846154
2 0.8701923076923077 0.25721153846153844 0.2403846153846154 0.2403846153846154
2 0.6105769230769231 0.375 0.2692307692307692 0.27403846153846156
2 0.4014423076923077 0.5024038461538461 0.2403846153846154 0.2403846153846154
2 0.16826923076923078 0.671875 0.2403846153846154 0.24278846153846154
2 0.15144230769230768 0.38461538461538464 0.2403846153846154 0.2403846153846154
2 0.4230769230769231 0.2620192307692308 0.2403846153846154 0.2403846153846154
