2 0.17067307692307693 0.17668269230769232 0.2692307692307692 0.27163461538461536
2 0.19951923076923078 0.47836538461538464 0.2403846153846154 0.2403846153846154
2 0.40384615384615385 0.3401442307692308 0.2692307692307692 0.27163461538461536
2 0.6790865384615384 0.20793269230769232 0.27163461538461536 0.27163461538461536
2 0.6682692307692307 0.4795673076923077 0.2692307692307692 0.27163461538461536
2 0.4230769230769231 0.5973557692307693 0.2403846153846154 0.24278846153846154
2 0.17427884615384615 0.7139423076923077 0.2091346153846154 0.21153846153846154
2 0.6526442307692307 0.7403846153846154 0.27163461538461536 0.27403846153846156
2 0.8677884615384616 0.8786057692307693 0.2403846153846154 0.24278846153846154
2 0.8774038461538461 0.6334134615384616 0.2403846153846154 0.24278846153846154
