2 0.20673076923076922 0.20673076923076922 0.2692307692307692 0.27403846153846156
2 0.41466346153846156 0.3713942307692308 0.27163461538461536 0.27163461538461536
2 0.18509615384615385 0.4987980769230769 0.2692307692307692 0.27163461538461536
2 0.18028846153846154 0.75 0.2403846153846154 0.2403846153846154
2 0.43509615384615385 0.6117788461538461 0.2692307692307692 0.27163461538461536
2 0.8774038461538461 0.6574519230769231 0.2403846153846154 0.24278846153846154
2 0.6430288461538461 0.7704326923076923 0.27163461538461536 0.27163461538461536
2 0.6586538461538461 0.4987980769230769 0.2692307692307692 0.27163461538461536
2 0.8629807692307693 0.3918269230769231 0.2403846153846154 0.2403846153846154
2 0.6394230769230769 0.22716346153846154 0.2403846153846154 0.24278846153846154
