2 0.1971153846153846 0.23197115384615385 0.2692307692307692 0.27163461538461536
2 0.6706730769230769 0.2848557692307692 0.2403846153846154 0.24278846153846154
2 0.41586538461538464 0.36658653846153844 0.2403846153846154 0.24278846153846154
2 0.203125 0.47836538461538464 0.3004807692307692 0.30288461538461536
2 0.1658653846153846 0.7548076923076923 0.2692307692307692 0.27403846153846156
2 0.40625 0.6117788461538461 0.2692307692307692 0.27163461538461536
2 0.6298076923076923 0.5444711538461539 0.2692307692307692 0.27163461538461536
2 0.8629807692307693 0.4230769230769231 0.2403846153846154 0.2403846153846154
2 0.8798076923076923 0.6382211538461539 0.2403846153846154 0.24278846153846154
2 0.6502403846153846 0.8425480769230769 0.27163461538461536 0.27163461538461536
