2 0.13942307692307693 0.7451923076923077 0.2403846153846154 0.2403846153846154
2 0.14423076923076922 0.4987980769230769 0.2692307692307692 0.27163461538461536
2 0.17067307692307693 0.20192307692307693 0.2692307692307692 0.27403846153846156
2 0.3629807692307692 0.38100961538461536 0.2692307692307692 0.27163461538461536
2 0.6442307692307693 0.19831730769230768 0.2692307692307692 0.27163461538461536
2 0.8533653846153846 0.36658653846153844 0.2403846153846154 0.24278846153846154
2 0.6021634615384616 0.5204326923076923 0.27163461538461536 0.27163461538461536
2 0.38822115384615385 0.6274038461538461 0.27163461538461536 0.27403846153846156
2 0.5961538461538461 0.7403846153846154 0.2403846153846154 0.2403846153846154
2 0.8581730769230769 0.6237980769230769 0.2403846153846154 0.24278846153846154
